00000000000000000000000000000
00000000000011111000000000000
00000000000010001000000000000
00000000000010001000000000000
00000000000010001000000000000
00000000000010001000000000000
00000000011110001111000000000
00000000010000000001000000000
00000011110000000001111000000
00000010000000000000001000000
00000010000000000000001000000
01111110000000000000001111110
01000000000000000000000000010
01000000000000000000000000010
01000000000000000000000000010
01111110000000000000001111110
00000010000000000000001000000
00000010000000000000001000000
00000011110000000001111000000
00000000010000000001000000000
00000000011110001111000000000
00000000000010001000000000000
00000000000010001000000000000
00000000000010001000000000000
00000000000010001000000000000
00000000000011111000000000000
00000000000000000000000000000